# name: Shift - Rastrigin
# type: vector
# rows: 1
# columns: 100
-2.1984809693274691e+01 +1.1554996930588054e+01 -3.6010680930410572e+01 +6.9372732348913601e+01 -3.7608870747492858e+01
-4.8536292149608940e+01 +5.3764766904999085e+01 +1.3718568644579500e+01 +6.9828587467188129e+01 -1.8627811237527567e+01
+2.9306608681863466e+01 -7.0216918290093815e+01 -5.1740284602598457e+01 +7.1737585569505583e+01 -5.7097788490456374e+01
+7.4868392084559218e+01 +7.5589061492732164e+00 +6.0387714099661700e+01 +1.5723311866999682e+01 +3.1662383508634154e+01
-4.9340767695180610e+01 +5.5037882705394999e+01 -5.2664146736691549e+01 -2.6052382991662000e+01 +5.4047889276639125e+01
-7.7471421571386827e+01 +6.4605085107437162e+01 -1.7712124964030018e+01 -1.1574279228715504e+01 -4.2591386228491821e+01
+1.4099868763503226e+01 -2.0849153638990408e+01 +1.2829750891508976e+01 -1.3033429343112887e+01 -3.4228784448817365e+01
-6.0900486247534531e+01 +3.6699060076450962e+01 -7.5821585436271661e+01 +3.0963033600311711e+01 -3.3284036733990504e+01
-3.8685615461807110e+00 +1.5045199483878651e+01 +8.8286354912650538e+00 -2.2556601714105376e+01 +1.7891609883397138e+01
-2.4669921528691788e+01 +4.7683985288383184e+01 -4.9744941398180913e+00 +4.7272935138506071e+01 +2.5724408972544834e+00
+1.7430843896556528e+01 +1.5815509351999003e+01 -4.7272484230892992e+01 -5.4257724297510066e+00 -7.6879403580687352e+01
+6.6984085027044040e+00 -7.4649508224941684e+01 -5.5175137578537210e+01 +5.7354474147230484e+01 +7.8820349504005264e+01
+5.8594759297326398e+01 +1.9431800875092918e+01 -3.6222682001394965e+01 -2.6609959940518930e+01 +7.3970419589492494e+01
-1.9261770028345069e+01 +7.6143100879025411e+01 -5.0989380655288365e+01 +1.7374036903733909e+01 +7.7202428260201401e+01
+1.9478847587184269e+01 +2.0737640522988315e+01 -5.4750896785734326e+01 +1.4177423520881108e+01 -5.1776674136467449e+01
-3.6839227137287530e+01 -2.8861436171986210e+01 +2.1805381646575558e+01 +1.7912651467935330e+01 -1.4408324812697078e+01
-7.9902589820036582e+01 +2.6419728279755198e+01 +6.7032564640766338e+01 +1.0521679763847098e+01 +7.8885904619952257e+01
-1.2133872984707189e+01 -2.4501870812413273e+01 -6.7223793807861782e+01 +1.7755914473197691e+00 -1.4273826569367456e+01
+5.2361092979612415e+01 +2.5918140690720026e+01 +2.6298182907761774e+01 -4.3449847097785010e+00 +1.1198083950067803e+01
-7.9772282790046859e+01 -5.2945388609678645e+01 +3.4921984014908659e+01 +3.6347758129028037e+01 +2.1562145357656860e+01
